473.24738 349.52948
475.55197 390.43875
486.17255 436.66299
497.21259 482.88751
512.79053 525.81006
542.31488 562.12915
570.21033 590.19397
608.64825 611.6554
655.83282 614.95691
701.49548 606.70276
736.50342 581.9397
767.39868 550.57312
787.79541 514.25391
801.53741 475.46234
815.664 427.58298
827.38568 381.35855
823.37 324.70605
482.02267 298.00629
490.61542 265.75226
533.33698 254.97665
573.37714 256.77252
611.41516 267.54819
677.4809 267.54819
715.51923 254.97665
755.55927 251.38477
793.59735 256.77252
807.21796 280.11969
661.9046 295.53729
659.82715 331.33762
661.41809 365.71191
659.57062 395.3931
626.4339 409.66815
643.93268 414.33914
676.33319 420.50888
678.92957 412.7822
693.24695 406.55423
528.45087 331.54575
548.83905 308.69495
574.78748 308.69495
597.02917 331.54575
574.78748 339.16269
548.83905 341.70178
707.24353 330.29745
731.31415 303.61655
761.94946 300.94852
786.02039 322.29324
764.13818 335.6337
733.50226 335.6337
580.97174 497.06232
613.08368 486.18945
639.99152 476.00363
660.68976 479.3989
680.71552 476.59686
709.69287 485.08505
736.95416 501.92004
711.76288 515.64221
686.92468 520.73511
664.82941 521.83954
644.13104 521.83954
615.15332 520.14197
600.66461 504.8634
642.06116 494.67749
660.68976 494.67749
682.78516 495.27081
724.18201 500.36365
682.78516 498.66602
662.75952 498.07275
642.06116 498.07275